Time ;Illuminance ;Temperature ;Control No ;Load Resistance ;Vbus2 ;V_sens1 ;I_sens2;Parallel   
1,00;30041,08;30,81;0 ;42949672,95;2,223;2,226;0,00
2,87;28806,75;30,93;1 ;10,82;0,732;0,667;65,36
4,75;29217,48;31,06;2 ;22,82;1,298;1,403;58,11
6,63;29570,14;31,25;3 ;7,69;0,529;0,480;63,95
8,51;28722,89;31,37;4 ;33,82;1,541;1,562;45,67
10,39;29602,40;31,56;5 ;8,49;0,584;0,543;63,14
12,26;29299,20;31,68;6 ;14,02;0,893;0,950;64,45
14,14;28651,92;31,81;7 ;6,50;0,410;0,418;63,41
16,02;29475,53;32,00;8 ;47,82;1,692;1,736;36,03
17,91;29552,94;32,12;9 ;9,06;0,561;0,605;64,03
19,79;28694,93;32,25;10 ;15,80;1,038;0,970;64,19
21,67;28980,94;32,43;11 ;6,81;0,422;0,528;62,51
23,54;29892,71;32,56;12 ;20,20;1,215;1,206;61,73
25,42;28699,23;32,68;13 ;7,41;0,462;0,476;62,39
27,30;28841,16;32,87;14 ;11,12;0,711;0,729;64,30
29,18;29864,75;33,00;15 ;5,89;0,387;0,388;64,15
31,05;28654,07;33,12;16 ;68,82;1,918;1,835;27,62
32,93;28851,91;33,25;17 ;9,53;0,623;0,601;64,12
34,81;29875,50;33,43;18 ;17,44;1,108;1,048;62,80
36,69;28694,93;33,50;19 ;7,06;0,437;0,455;62,77
38,58;28611,07;33,68;20 ;23,03;1,379;1,321;58,62
40,46;29935,71;33,81;21 ;7,71;0,473;0,512;62,95
42,33;29251,89;33,93;22 ;11,87;0,774;0,712;63,99
44,21;28598,16;34,06;23 ;6,07;0,388;0,404;63,05
46,09;28651,92;34,18;24 ;28,61;1,420;1,414;49,69
47,97;30010,98;34,31;25 ;8,17;0,537;0,684;63,09
49,85;29202,43;34,50;26 ;13,09;0,832;0,857;64,10
51,72;28587,41;34,62;27 ;6,33;0,408;0,411;63,61
53,60;28550,86;34,75;28 ;15,90;0,979;0,992;61,59
55,48;29505,63;34,87;29 ;6,83;0,426;0,458;62,06
57,37;28793,85;34,93;30 ;9,76;0,628;0,611;63,19
59,25;28492,80;35,12;31 ;5,54;0,359;0,364;63,93
61,13;28755,14;35,25;32 ;150,82;1,969;2,016;13,11
63,00;30034,63;35,31;33 ;10,19;0,656;0,664;64,00
64,88;30058,29;35,50;34 ;20,00;1,236;1,233;61,35
66,76;29058,35;35,56;35 ;7,39;0,478;0,476;63,95
68,64;28520,75;35,68;36 ;27,86;1,473;1,327;53,19
70,52;28565,91;35,81;37 ;8,12;0,493;0,513;62,03
72,39;29879,80;35,93;38 ;12,95;0,821;0,810;62,29
74,27;29236,83;36,06;39 ;6,30;0,410;0,407;63,61
76,15;28561,61;36,18;40 ;36,60;1,580;1,463;43,70
78,04;29286,29;36,25;41 ;8,63;0,543;0,556;62,91
79,92;29729,28;36,37;42 ;14,44;0,917;0,909;62,89
81,80;28709,99;36,50;43 ;6,58;0,434;0,412;63,06
83,67;28677,73;36,62;44 ;17,98;1,113;1,053;60,33
85,55;28449,79;36,68;45 ;7,13;0,468;0,474;63,51
87,43;28576,66;36,81;46 ;10,46;0,625;0,672;62,14
89,31;29598,10;36,93;47 ;5,72;0,354;0,380;63,42
91,19;29813,14;37,00;48 ;47,60;1,693;1,622;35,85
93,06;28914,27;37,12;49 ;9,05;0,584;0,556;62,90
94,94;28531,50;37,18;50 ;15,78;1,017;0,974;62,34
96,83;28464,84;37,31;51 ;6,81;0,444;0,435;62,33
98,71;28785,25;37,43;52 ;20,17;1,198;1,228;58,52
100,59;29804,54;37,56;53 ;7,41;0,440;0,492;62,68
102,47;29684,12;37,62;54 ;11,11;0,667;0,730;63,33
104,34;28836,86;37,75;55 ;5,89;0,355;0,382;63,50
106,22;28490,64;37,81;56 ;24,26;1,274;1,269;55,93
108,10;28434,73;37,93;57 ;7,83;0,521;0,479;63,60
109,98;28813,21;38,06;58 ;12,17;0,798;0,738;63,23
111,86;29860,45;38,12;59 ;6,13;0,405;0,402;62,85
113,73;29613,15;38,25;60 ;14,52;0,947;0,890;62,80
115,61;28905,67;38,31;61 ;6,60;0,436;0,415;62,91
117,50;28580,96;38,43;62 ;9,26;0,604;0,574;62,85
119,38;28458,39;38,50;63 ;5,39;0,356;0,412;62,42
121,26;28430,43;38,56;64 ;330,82;2,145;2,112;6,40
123,14;28525,05;38,68;65 ;10,52;0,651;0,707;62,62
125,01;28847,61;38,75;66 ;21,44;1,226;1,320;58,21
126,89;28484,19;38,87;67 ;7,55;0,467;0,645;62,30
128,77;28664,83;38,93;68 ;30,81;1,477;1,560;48,45
130,65;29015,34;39,00;69 ;8,32;0,487;0,552;62,64
132,53;29473,38;39,06;70 ;13,51;0,780;0,886;62,44
134,40;29834,64;39,18;71 ;6,41;0,376;0,402;62,82
136,29;29965,82;39,25;72 ;41,96;1,488;1,669;39,22
138,17;29929,26;39,31;73 ;8,86;0,556;0,550;62,79
140,05;29854,00;39,43;74 ;15,15;0,922;0,929;62,10
141,93;29761,53;39,50;75 ;6,71;0,406;0,411;62,69
143,81;29722,82;39,56;76 ;19,13;1,062;1,080;60,55
145,68;29651,86;39,62;77 ;7,28;0,473;0,445;63,08
147,56;29604,55;39,75;78 ;10,81;0,666;0,667;62,77
149,44;29542,19;39,81;79 ;5,81;0,341;0,352;63,14
151,32;29802,39;39,87;80 ;57,20;1,622;1,733;30,63
153,19;29914,21;40,00;81 ;9,31;0,554;0,580;61,98
155,07;29972,27;40,06;82 ;16,64;0,928;1,076;61,71
156,96;28976,63;40,12;83 ;6,94;0,416;0,506;62,57
158,84;29772,28;40,18;84 ;21,63;1,278;1,318;57,48
160,72;29445,42;40,31;85 ;7,57;0,464;0,517;61,76
162,60;29221,78;40,37;86 ;11,51;0,759;0,755;62,24
164,47;29051,90;40,43;87 ;5,98;0,405;0,480;61,85
166,35;28920,72;40,50;88 ;26,45;1,437;1,377;52,47
168,23;28823,96;40,56;89 ;8,01;0,541;0,459;62,97
170,11;28770,20;40,62;90 ;12,65;0,750;0,770;62,10
171,99;29617,46;40,68;91 ;6,24;0,357;0,396;62,69
173,86;29634,66;40,75;92 ;15,24;0,933;0,964;62,02
175,75;28740,09;40,87;93 ;6,72;0,405;0,460;61,79
177,63;29660,46;40,93;94 ;9,53;0,633;0,632;61,71
179,51;29692,72;41,00;95 ;5,47;0,371;0,313;62,24
181,39;29664,76;41,06;96 ;103,94;1,902;1,820;18,79
183,27;29664,76;41,12;97 ;9,93;0,576;0,607;62,29
185,14;29645,41;41,18;98 ;18,95;1,070;1,221;59,76
187,02;29598,10;41,25;99 ;7,26;0,476;0,491;61,92
188,90;29600,25;41,31;100 ;25,81;1,451;1,454;52,66
190,78;29497,03;41,37;101 ;7,96;0,540;0,453;62,80
192,66;29258,34;41,43;102 ;12,52;0,707;0,771;62,64
194,55;29922,81;41,50;103 ;6,21;0,377;0,428;62,25
196,42;28776,65;41,56;104 ;33,10;1,568;1,401;44,98
198,30;28600,31;41,62;105 ;8,45;0,551;0,552;61,69
200,18;28507,85;41,68;106 ;13,90;0,894;0,779;62,68
202,06;28445,49;41,75;107 ;6,48;0,365;0,427;61,92
203,94;28411,08;41,87;108 ;17,13;1,086;0,991;60,56
205,81;28396,03;41,87;109 ;7,02;0,478;0,481;61,44
207,69;28522,90;41,93;110 ;10,18;0,681;0,570;62,43
209,57;28568,06;42,00;111 ;5,65;0,316;0,365;62,16
211,45;28692,78;42,06;112 ;41,79;1,666;1,470;38,68
213,34;28879,87;42,12;113 ;8,85;0,603;0,614;61,99
215,22;29211,03;42,18;114 ;15,13;0,899;0,884;61,47
217,09;29643,26;42,25;115 ;6,70;0,401;0,399;62,32
218,97;29922,81;42,31;116 ;19,09;1,064;1,225;59,52
220,85;29649,71;42,31;117 ;7,28;0,495;0,498;61,62
222,73;29163,72;42,43;118 ;10,80;0,647;0,665;61,99
224,60;28385,28;42,43;119 ;5,81;0,332;0,353;62,52
226,48;28376,67;42,50;120 ;22,71;1,294;1,380;55,92
228,36;28406,78;42,56;121 ;7,68;0,519;0,533;61,70
230,24;28475,59;42,62;122 ;11,79;0,648;0,655;62,48
232,13;28557,31;42,68;123 ;6,05;0,360;0,415;61,65
234,01;28737,94;42,75;124 ;13,98;0,965;0,835;62,26
235,88;29129,31;42,81;125 ;6,50;0,360;0,375;62,11
237,76;29806,69;42,81;126 ;9,05;0,589;0,594;61,70
239,64;28535,80;42,87;127 ;5,33;0,359;0,363;62,06
241,52;28365,92;42,93;128 ;470,82;2,095;2,074;4,46
243,40;28466,99;43,00;129 ;10,61;0,637;0,726;61,83
245,27;28744,39;43,06;130 ;21,83;1,349;1,359;56,70
247,15;29327,15;43,12;131 ;7,59;0,421;0,427;62,14
249,03;29890,55;43,12;132 ;31,65;1,371;1,556;46,47
250,91;28406,78;43,18;133 ;8,37;0,578;0,521;62,02
252,80;28488,49;43,25;134 ;13,65;0,760;0,761;61,93
254,68;28490,64;43,25;135 ;6,44;0,417;0,417;61,67
256,55;28759,45;43,31;136 ;43,54;1,684;1,707;37,33
258,43;29387,36;43,37;137 ;8,92;0,520;0,508;62,11
260,31;29888,40;43,43;138 ;15,34;0,951;1,042;61,36
262,19;29118,56;43,43;139 ;6,74;0,452;0,468;61,79
264,07;28380,97;43,50;140 ;19,43;1,062;1,027;59,04
265,94;28514,30;43,56;141 ;7,32;0,473;0,519;61,95
267,82;28843,31;43,56;142 ;10,90;0,670;0,603;62,12
269,70;29438,97;43,62;143 ;5,84;0,369;0,382;61,44
271,59;29884,10;43,68;144 ;60,22;1,772;1,829;28,67
273,47;29346,50;43,75;145 ;9,37;0,524;0,552;61,73
275,35;28617,52;43,75;146 ;16,87;1,112;1,113;60,63
277,22;28376,67;43,81;147 ;6,98;0,390;0,407;61,73
279,10;28645,47;43,81;148 ;22,03;1,332;1,309;56,36
280,98;29165,87;43,87;149 ;7,61;0,422;0,448;61,51
282,86;29877,65;43,93;150 ;11,62;0,673;0,767;62,31
284,74;29088,46;44,00;151 ;6,01;0,407;0,354;62,34
286,61;28428,28;44,00;152 ;27,05;1,316;1,212;51,45
288,49;28608,92;44,06;153 ;8,06;0,541;0,565;61,12
290,38;28550,86;44,12;154 ;12,78;0,738;0,704;62,42
292,26;29888,40;44,18;155 ;6,26;0,412;0,444;61,24
294,14;28950,83;44,18;156 ;15,43;0,901;0,846;61,54
296,02;28387,43;44,25;157 ;6,75;0,436;0,429;61,80
297,89;28419,68;44,25;158 ;9,60;0,587;0,629;61,45
299,77;28839,01;44,31;159 ;5,49;0,304;0,341;61,32
301,65;29066,95;44,37;160 ;114,52;1,933;1,963;16,86
303,53;28378,82;44,43;161 ;10,01;0,555;0,782;61,28
305,41;28428,28;44,50;162 ;19,25;1,212;1,191;59,21
307,28;28894,92;44,50;163 ;7,30;0,504;0,446;62,13
309,17;29879,80;44,56;164 ;26,39;1,227;1,429;51,21
311,05;28580,96;44,56;165 ;8,00;0,558;0,508;61,74
312,93;28359,47;44,62;166 ;12,64;0,687;0,691;62,25
314,81;29755,08;44,68;167 ;6,23;0,436;0,428;62,02
316,69;28823,96;44,75;168 ;34,07;1,576;1,380;44,30
318,56;28348,72;44,75;169 ;8,50;0,488;0,564;61,77
320,44;28671,28;44,75;170 ;14,06;0,950;0,905;61,43
322,32;29120,71;44,81;171 ;6,51;0,366;0,362;62,29
324,20;28344,42;44,87;172 ;17,38;1,146;1,188;59,56
326,07;28525,05;44,93;173 ;7,05;0,418;0,391;62,32
327,96;29464,78;44,93;174 ;10,26;0,671;0,720;61,83
329,84;29228,23;45,00;175 ;5,67;0,324;0,393;61,69
331,72;28357,32;45,00;176 ;43,37;1,652;1,720;36,95
333,60;28482,04;45,06;177 ;8,91;0,597;0,517;62,17
335,48;29669,06;45,06;178 ;15,32;0,884;1,002;61,33
337,35;28404,63;45,12;179 ;6,73;0,450;0,392;61,76
339,23;28512,15;45,12;180 ;19,40;1,096;1,020;59,16
341,11;29529,29;45,18;181 ;7,32;0,484;0,511;61,25
342,99;28368,07;45,18;182 ;10,89;0,610;0,618;61,44
344,86;28548,71;45,25;183 ;5,83;0,393;0,403;62,22
346,75;29763,68;45,31;184 ;23,15;1,150;1,207;54,75
348,63;28559,46;45,31;185 ;7,72;0,528;0,514;61,80
350,51;28400,33;45,37;186 ;11,90;0,651;0,684;61,67
352,39;29256,19;45,37;187 ;6,07;0,368;0,414;62,50
354,27;28387,43;45,43;188 ;14,13;0,899;0,790;61,99
356,14;28486,34;45,43;189 ;6,53;0,415;0,409;62,09
358,02;29550,79;45,50;190 ;9,11;0,536;0,586;61,60
359,90;28879,87;45,56;191 ;5,35;0,298;0,351;61,52
361,78;28340,12;45,56;192 ;194,69;2,058;1,978;10,34
363,66;29737,88;45,56;193 ;10,32;0,636;0,701;61,86
365,54;28529,35;45,62;194 ;20,57;1,191;1,177;57,97
367,42;28426,13;45,62;195 ;7,45;0,479;0,457;61,92
369,30;29529,29;45,68;196 ;29,01;1,546;1,426;49,21
371,18;28550,86;45,68;197 ;8,20;0,449;0,530;61,77
373,06;28447,64;45,68;198 ;13,17;0,904;0,796;61,42
374,93;29103,51;45,68;199 ;6,34;0,363;0,351;62,77
376,81;28342,27;45,75;200 ;38,64;1,657;1,671;39,74
378,69;29144,37;45,81;201 ;8,72;0,499;0,487;61,78
380,57;28832,56;45,81;202 ;14,73;0,977;0,998;61,27
382,45;28630,42;45,87;203 ;6,63;0,359;0,433;61,11
384,32;29830,34;45,93;204 ;18,44;1,188;1,244;58,35
386,21;28400,33;45,93;205 ;7,20;0,449;0,408;61,27
388,09;28477,74;45,93;206 ;10,60;0,743;0,670;61,83
389,97;29664,76;46,00;207 ;5,76;0,337;0,384;61,68
391,85;28529,35;46,00;208 ;51,16;1,584;1,625;31,92
393,72;28912,12;46,06;209 ;9,16;0,610;0,585;61,77
395,60;29122,86;46,06;210 ;16,12;0,858;0,922;60,22
397,48;28340,12;46,12;211 ;6,86;0,439;0,481;61,00
399,36;29234,68;46,12;212 ;20,75;1,115;1,050;57,26
401,24;28325,06;46,18;213 ;7,47;0,524;0,498;61,87
403,11;28778,80;46,18;214 ;11,27;0,643;0,615;62,82
405,00;29312,10;46,25;215 ;5,93;0,365;0,409;62,03
406,88;28325,06;46,25;216 ;25,12;1,191;1,375;52,89
408,76;29004,59;46,31;217 ;7,90;0,487;0,456;61,77
410,64;28355,17;46,31;218 ;12,36;0,821;0,758;61,71
412,51;28598,16;46,31;219 ;6,17;0,333;0,359;61,75
414,39;29671,22;46,37;220 ;14,81;0,954;1,035;60,62
416,27;28325,06;46,37;221 ;6,65;0,366;0,385;61,22
418,15;29705,62;46,43;222 ;9,37;0,653;0,588;61,94
420,03;28303,56;46,50;223 ;5,43;0,326;0,301;62,51
421,90;29152,97;46,50;224 ;85,38;1,690;1,924;21,94
423,79;28598,16;46,56;225 ;9,76;0,577;0,640;61,90
425,67;28469,14;46,56;226 ;18,27;1,048;0,959;60,85
427,55;29821,74;46,56;227 ;7,17;0,507;0,476;62,85
429,43;28357,32;46,62;228 ;24,55;1,316;1,150;54,05
431,31;29385,21;46,62;229 ;7,85;0,448;0,488;60,97
433,18;28591,71;46,68;230 ;12,23;0,788;0,847;60,42
435,06;28415,38;46,75;231 ;6,15;0,333;0,376;60,91
436,94;29056,20;46,75;232 ;31,03;1,355;1,386;46,03
438,82;28344,42;46,75;233 ;8,33;0,578;0,542;62,49
440,69;29413,17;46,81;234 ;13,54;0,805;0,730;62,70
442,58;28484,19;46,81;235 ;6,42;0,448;0,408;62,12
444,46;28475,59;46,81;236 ;16,59;1,045;1,104;59,62
446,34;28832,56;46,87;237 ;6,93;0,373;0,408;60,45
448,22;28363,77;46,87;238 ;10,00;0,615;0,706;61,22
450,10;29505,63;46,93;239 ;5,60;0,385;0,364;62,82
451,97;28535,80;47,00;240 ;38,51;1,435;1,512;40,89
453,85;29066,95;47,00;241 ;8,72;0,609;0,558;62,12
455,73;28742,24;47,00;242 ;14,71;0,915;0,975;60,96
457,61;28426,13;47,06;243 ;6,63;0,376;0,413;61,41
459,49;29778,73;47,06;244 ;18,41;1,228;1,180;58,84
461,37;28357,32;47,06;245 ;7,19;0,403;0,403;60,98
463,25;29761,53;47,12;246 ;10,59;0,721;0,647;61,13
465,13;28322,91;47,12;247 ;5,76;0,367;0,397;61,36
467,01;29030,39;47,12;248 ;21,73;1,135;1,193;55,85
468,89;28460,54;47,18;249 ;7,58;0,524;0,518;60,99
470,76;29615,30;47,18;250 ;11,54;0,645;0,637;61,04
472,64;28314,31;47,18;251 ;5,99;0,417;0,377;61,59
474,52;29475,53;47,25;252 ;13,62;0,839;0,899;61,46
476,40;28320,76;47,25;253 ;6,43;0,368;0,402;61,40
478,28;29647,56;47,31;254 ;8,91;0,620;0,602;61,36
480,17;28357,32;47,31;255 ;5,29;0,296;0,296;60,89
======;======;======;======;======;======;======;======;======
