Time ;Illuminance ;Temperature ;Control No ;Load Resistance ;Vbus2 ;V_sens1 ;I_sens2;Pbus2;P_sens1;Series     
1,00;29254,04;30,75;0 ;220,72;2,115;1,867;9,64
2,87;29251,89;30,81;1 ;219,72;2,104;2,189;9,65
4,75;28811,05;30,81;2 ;218,52;2,159;2,135;9,74
6,63;30002,38;30,81;3 ;217,52;2,126;2,163;9,73
8,51;28765,90;30,87;4 ;216,02;2,163;2,116;9,70
10,39;30191,61;30,87;5 ;215,02;2,120;2,107;9,72
12,26;28929,33;30,87;6 ;213,82;2,130;2,129;9,70
14,14;29122,86;30,87;7 ;212,82;2,115;2,103;9,74
16,02;29372,31;30,93;8 ;210,72;2,131;2,152;9,69
17,90;28774,50;30,93;9 ;209,72;2,175;2,102;9,71
19,78;30051,84;31,00;10 ;208,52;2,149;2,104;9,66
21,66;28916,42;31,06;11 ;207,52;2,168;2,105;9,53
23,54;29499,18;31,06;12 ;206,02;2,079;2,177;9,54
25,42;28772,35;31,06;13 ;205,02;2,158;2,137;9,72
27,30;29974,42;31,12;14 ;203,82;2,150;2,083;9,66
29,18;28744,39;31,12;15 ;202,82;2,098;2,130;9,48
31,05;30277,63;31,12;16 ;198,72;2,152;2,159;9,76
32,93;28763,75;31,18;17 ;197,72;2,114;2,105;9,51
34,81;30189,46;31,18;18 ;196,52;2,134;2,171;9,73
36,69;28892,77;31,18;19 ;195,52;2,176;2,068;9,66
38,56;29206,73;31,18;20 ;194,02;2,091;2,091;9,55
40,45;29359,41;31,12;21 ;193,02;2,123;2,138;9,59
42,33;29150,82;31,12;22 ;191,82;2,080;2,177;9,55
44,21;29460,47;31,12;23 ;190,82;2,080;2,131;9,58
46,09;28725,04;31,12;24 ;188,72;2,073;2,174;9,59
47,96;30292,68;31,12;25 ;187,72;2,085;2,146;9,63
49,84;28907,82;31,12;26 ;186,52;2,095;2,134;9,63
51,72;29058,35;31,12;27 ;185,52;2,072;2,142;9,62
53,60;29477,68;31,12;28 ;184,02;2,081;2,134;9,67
55,48;28744,39;31,18;29 ;183,02;2,078;2,174;9,68
57,35;30327,09;31,18;30 ;181,82;2,146;2,119;9,71
59,23;28834,71;31,18;31 ;180,82;2,079;2,082;9,69
61,12;29109,96;31,12;32 ;187,72;2,109;2,113;10,24
63,00;29514,23;31,12;33 ;186,72;2,092;2,090;10,30
64,88;28720,74;31,12;34 ;185,52;2,133;2,070;10,27
66,75;30305,58;31,12;35 ;184,52;2,139;2,057;10,21
68,63;28834,71;31,12;36 ;183,02;2,088;2,070;10,04
70,51;30320,63;31,12;37 ;182,02;2,099;2,121;10,04
72,39;28813,21;31,12;38 ;180,82;2,056;2,175;10,05
74,27;29318,55;31,06;39 ;179,82;2,068;2,134;10,17
76,14;29236,83;31,06;40 ;177,72;2,094;2,162;10,31
78,02;28757,30;31,06;41 ;176,72;2,169;2,049;10,29
79,91;29985,17;31,06;42 ;175,52;2,050;2,142;9,97
81,79;28697,08;31,06;43 ;174,52;2,041;2,137;10,23
83,67;30249,67;31,06;44 ;173,02;2,126;2,129;10,35
85,54;28796,00;31,06;45 ;172,02;2,146;2,035;10,08
87,42;29621,76;31,06;46 ;170,82;2,043;2,169;10,16
89,30;28959,43;31,06;47 ;169,82;2,171;2,045;10,33
91,18;29004,59;31,06;48 ;165,72;2,067;2,032;10,06
93,05;29312,10;31,12;49 ;164,72;2,027;2,135;10,18
94,93;28731,49;31,12;50 ;163,52;2,090;2,148;10,35
96,81;30045,38;31,12;51 ;162,52;2,172;2,016;10,30
98,70;28785,25;31,12;52 ;161,02;2,120;2,029;10,21
100,58;29935,71;31,06;53 ;160,02;2,166;2,045;10,12
102,45;28725,04;31,12;54 ;158,82;2,114;2,105;10,21
104,33;29699,17;31,06;55 ;157,82;2,108;2,025;10,23
106,21;29159,42;31,06;56 ;155,72;2,123;2,018;10,30
108,09;28709,99;31,06;57 ;154,72;2,126;2,054;10,23
109,97;30290,53;31,12;58 ;153,52;2,173;2,022;10,29
111,84;28877,72;31,12;59 ;152,52;2,125;2,050;10,22
113,72;29021,79;31,12;60 ;151,02;2,160;2,045;10,12
115,60;29570,14;31,12;61 ;150,02;2,051;2,138;10,13
117,49;29006,74;31,12;62 ;148,82;2,023;2,122;10,19
119,37;29524,99;31,12;63 ;147,82;1,990;2,122;10,21
121,24;28705,69;31,12;64 ;173,72;2,085;2,110;12,01
123,12;30303,43;31,12;65 ;172,72;2,059;2,067;12,12
125,00;28815,36;31,12;66 ;171,52;2,094;2,110;12,08
126,88;29357,26;31,12;67 ;170,52;2,078;2,038;12,09
128,76;29120,71;31,12;68 ;169,02;2,119;2,069;12,04
130,63;28839,01;31,12;69 ;168,02;2,164;2,030;11,90
132,51;29703,47;31,12;70 ;166,82;2,116;2,063;11,97
134,39;28703,54;31,12;71 ;165,82;2,057;2,033;11,72
136,28;30247,52;31,12;72 ;163,72;2,052;2,122;11,72
138,16;28849,76;31,12;73 ;162,72;2,038;2,123;11,87
140,03;30215,27;31,12;74 ;161,52;2,046;2,059;12,13
141,91;28860,51;31,18;75 ;160,52;2,094;2,066;12,07
143,79;29041,15;31,12;76 ;159,02;2,085;2,021;12,10
145,67;29456,17;31,12;77 ;158,02;2,114;2,043;12,01
147,55;28675,58;31,12;78 ;156,82;2,164;2,010;11,97
149,42;30262,57;31,12;79 ;155,82;2,105;2,050;11,95
151,30;28819,66;31,12;80 ;151,72;2,146;2,027;12,13
153,18;29152,97;31,12;81 ;150,72;2,073;2,007;12,22
155,06;29346,50;31,12;82 ;149,52;2,108;2,037;12,15
156,95;28690,63;31,06;83 ;148,52;2,062;2,007;12,16
158,82;30279,78;31,06;84 ;147,02;2,109;2,058;12,15
160,70;28755,14;31,00;85 ;146,02;2,152;2,005;12,19
162,58;29522,84;31,06;86 ;144,82;2,081;2,071;12,16
164,46;29131,46;31,00;87 ;143,82;2,156;2,001;12,12
166,34;29656,16;31,06;88 ;141,72;2,106;1,997;12,15
168,21;29060,50;31,06;89 ;140,72;2,096;1,984;12,07
170,09;28796,00;31,06;90 ;139,52;2,122;2,018;11,99
171,97;29755,08;31,06;91 ;138,52;2,012;2,030;11,82
173,85;28682,03;31,12;92 ;137,02;2,025;2,111;11,93
175,73;30163,66;31,12;93 ;136,02;1,998;2,118;12,06
177,61;28884,17;31,12;94 ;134,82;1,993;2,056;12,11
179,49;28834,71;31,12;95 ;133,82;1,969;2,163;12,00
181,37;29899,16;31,12;96 ;140,72;1,996;2,072;13,07
183,25;28716,44;31,12;97 ;139,72;2,050;2,110;13,06
185,12;29488,43;31,12;98 ;138,52;2,043;1,997;13,08
187,00;29206,73;31,12;99 ;137,52;2,149;1,976;13,42
188,88;28673,43;31,12;100 ;136,02;2,048;1,978;13,07
190,76;30277,63;31,12;101 ;135,02;2,131;2,016;13,03
192,64;28785,25;31,06;102 ;133,82;2,007;2,093;12,86
194,52;30286,23;31,06;103 ;132,82;1,973;2,083;13,01
196,40;28811,05;31,06;104 ;130,72;1,988;2,146;13,14
198,28;29088,46;31,06;105 ;129,72;1,964;2,051;13,01
200,16;29380,91;31,06;106 ;128,52;2,025;2,088;13,06
202,04;28675,58;31,12;107 ;127,52;1,943;2,049;12,98
203,91;30167,96;31,12;108 ;126,02;1,953;2,098;13,23
205,79;28712,14;31,12;109 ;125,02;1,998;2,136;13,52
207,67;29894,86;31,18;110 ;123,82;2,120;2,008;13,66
209,55;28916,42;31,18;111 ;122,82;2,084;1,945;13,50
211,43;30038,93;31,18;112 ;118,72;2,145;1,935;13,47
213,31;28914,27;31,25;113 ;117,72;2,069;1,953;13,51
215,19;28862,66;31,25;114 ;116,52;2,050;1,928;13,40
217,07;29791,64;31,25;115 ;115,52;2,070;1,952;13,36
218,95;28692,78;31,25;116 ;114,02;2,019;1,932;13,15
220,82;29810,99;31,25;117 ;113,02;2,069;1,997;13,07
222,70;29097,06;31,25;118 ;111,82;1,979;2,108;13,04
224,58;28686,33;31,25;119 ;110,82;2,074;2,016;13,12
226,46;30247,52;31,25;120 ;108,72;2,005;2,065;13,06
228,34;28813,21;31,25;121 ;107,72;1,989;1,943;13,10
230,22;28912,12;31,25;122 ;106,52;2,052;1,969;13,35
232,10;29804,54;31,25;123 ;105,52;2,024;1,924;13,40
233,98;28692,78;31,25;124 ;104,02;2,145;1,902;13,52
235,86;29654,01;31,25;125 ;103,02;2,034;1,913;13,57
237,74;29107,81;31,25;126 ;101,82;2,147;1,895;13,58
239,61;29527,14;31,18;127 ;100,82;2,035;1,954;13,26
241,49;29142,22;31,18;128 ;120,72;1,956;1,957;16,12
243,37;28697,08;31,12;129 ;119,72;1,985;2,049;16,33
245,25;30122,80;31,12;130 ;118,52;1,939;2,000;16,22
247,13;28725,04;31,12;131 ;117,52;1,951;2,062;16,37
249,01;29492,73;31,12;132 ;116,02;1,918;2,128;16,45
250,89;29183,07;31,12;133 ;115,02;1,936;2,024;16,55
252,77;28686,33;31,12;134 ;113,82;1,919;2,133;16,52
254,65;30251,82;31,12;135 ;112,82;1,922;2,038;16,38
256,53;28750,84;31,12;136 ;110,72;1,922;2,014;16,53
258,40;29140,07;31,12;137 ;109,72;1,913;2,009;16,34
260,28;29475,53;31,12;138 ;108,52;2,107;1,977;16,53
262,16;28662,68;31,12;139 ;107,52;2,006;1,979;16,69
264,04;29783,04;31,12;140 ;106,02;2,025;1,964;16,82
265,92;29114,26;31,12;141 ;105,02;1,916;1,966;16,93
267,80;29236,83;31,12;142 ;103,82;1,898;2,013;16,54
269,68;29378,76;31,12;143 ;102,82;2,009;2,015;16,38
271,56;28666,98;31,12;144 ;98,72;1,941;2,079;16,82
273,44;30060,44;31,12;145 ;97,72;1,902;1,936;16,67
275,32;28972,33;31,12;146 ;96,52;1,953;1,993;16,71
277,19;28725,04;31,18;147 ;95,52;1,891;1,954;16,67
279,07;30195,91;31,18;148 ;94,02;1,976;1,999;16,75
280,95;28772,35;31,12;149 ;93,02;1,869;1,951;16,66
282,83;28905,67;31,18;150 ;91,82;1,995;1,985;16,70
284,71;29875,50;31,18;151 ;90,82;1,941;2,055;16,79
286,59;28701,38;31,18;152 ;88,72;1,919;1,879;17,03
288,47;30221,72;31,12;153 ;87,72;1,889;1,874;17,61
290,35;28957,28;31,12;154 ;86,52;1,920;2,123;17,14
292,23;28679,88;31,12;155 ;85,52;1,899;1,867;17,01
294,11;30215,27;31,12;156 ;84,02;1,867;1,897;17,41
295,98;28993,84;31,12;157 ;83,02;1,845;2,106;17,05
297,86;28684,18;31,12;158 ;81,82;1,858;1,968;16,89
299,74;30193,76;31,12;159 ;80,82;1,851;2,075;16,88
301,62;28942,23;31,18;160 ;87,72;1,840;1,942;21,31
303,49;28701,38;31,18;161 ;86,72;1,969;1,931;21,44
305,38;30243,22;31,18;162 ;85,52;1,840;1,884;21,12
307,26;28826,11;31,18;163 ;84,52;1,929;1,942;21,35
309,14;28815,36;31,18;164 ;83,02;1,835;2,045;21,26
311,02;29946,47;31,18;165 ;82,02;1,840;1,954;21,50
312,89;28697,08;31,18;166 ;80,82;1,821;2,077;21,94
314,77;29623,91;31,18;167 ;79,82;1,928;1,922;22,22
316,65;29064,80;31,12;168 ;77,72;1,845;1,841;22,31
318,53;28677,73;31,12;169 ;76,72;1,897;1,893;22,45
320,41;29213,18;31,12;170 ;75,51;1,832;1,859;22,35
322,28;28649,77;31,18;171 ;74,51;1,813;2,039;21,93
324,17;30189,46;31,18;172 ;73,01;1,828;1,873;21,70
326,05;28847,61;31,18;173 ;72,01;1,811;2,041;21,71
327,93;28731,49;31,12;174 ;70,82;1,803;1,869;21,26
329,81;30094,84;31,18;175 ;69,82;1,936;1,905;21,51
331,68;28718,59;31,18;176 ;65,72;1,775;1,816;23,90
333,56;29056,20;31,12;177 ;64,72;1,925;1,824;23,89
335,44;29484,13;31,18;178 ;63,52;1,768;1,915;23,76
337,32;28662,68;31,18;179 ;62,52;1,771;1,826;23,94
339,20;29651,86;31,18;180 ;61,02;1,797;1,896;24,25
341,07;29329,30;31,18;181 ;60,02;1,799;1,786;24,36
342,96;28821,81;31,18;182 ;58,82;1,985;1,764;25,16
344,84;30131,40;31,18;183 ;57,82;1,787;1,864;24,99
346,72;28793,85;31,18;184 ;55,72;1,801;1,773;24,64
348,60;28819,66;31,18;185 ;54,72;1,746;1,759;24,40
350,47;29995,92;31,18;186 ;53,52;1,727;1,780;24,23
352,35;28727,19;31,12;187 ;52,52;1,937;1,753;24,94
354,23;29178,77;31,18;188 ;51,02;1,736;1,773;25,34
356,11;29456,17;31,12;189 ;50,02;1,719;1,713;24,95
357,98;28641,17;31,18;190 ;48,82;1,759;1,695;25,09
359,86;29813,14;31,12;191 ;47,82;1,735;1,918;24,66
361,75;29150,82;31,18;192 ;73,72;1,925;1,848;24,91
363,63;28643,32;31,12;193 ;72,72;1,854;1,963;24,96
365,51;29826,04;31,18;194 ;71,51;1,836;1,803;24,79
367,38;29262,64;31,12;195 ;70,51;1,836;1,794;25,37
369,26;28664,83;31,18;196 ;69,01;1,795;1,970;25,36
371,14;29413,17;31,18;197 ;68,01;1,796;1,826;24,95
373,02;29544,34;31,18;198 ;66,82;1,824;1,840;25,01
374,90;28701,38;31,12;199 ;65,82;1,809;1,807;24,98
376,77;30140,00;31,12;200 ;63,72;1,874;1,769;25,64
378,65;29082,00;31,18;201 ;62,72;1,778;1,801;25,26
380,54;28647,62;31,12;202 ;61,52;1,776;1,811;25,05
382,42;29924,96;31,12;203 ;60,52;1,989;1,764;25,82
384,30;29176,62;31,18;204 ;59,02;1,768;1,942;25,69
386,17;28658,38;31,12;205 ;58,02;1,764;1,777;25,11
388,05;29447,57;31,12;206 ;56,82;1,795;1,768;25,67
389,93;29580,90;31,18;207 ;55,82;1,761;1,940;25,52
391,81;28694,93;31,18;208 ;51,72;1,689;1,705;31,39
393,69;28796,00;31,18;209 ;50,72;1,715;1,706;31,95
395,56;30204,51;31,18;210 ;49,52;1,695;1,860;31,96
397,44;28931,48;31,18;211 ;48,52;1,663;1,666;31,34
399,33;28856,21;31,18;212 ;47,02;1,710;1,689;32,48
401,21;30161,51;31,18;213 ;46,02;1,627;1,854;31,72
403,09;28957,28;31,25;214 ;44,82;1,633;1,656;31,43
404,96;28565,91;31,25;215 ;43,82;1,854;1,652;32,31
406,84;29066,95;31,25;216 ;41,72;1,619;1,745;32,93
408,72;30148,60;31,25;217 ;40,72;1,599;1,628;31,95
410,60;29026,09;31,25;218 ;39,52;1,758;1,591;32,13
412,48;28677,73;31,25;219 ;38,52;1,613;1,590;32,62
414,35;28768,05;31,25;220 ;37,02;1,582;1,807;32,06
416,23;30015,28;31,25;221 ;36,02;1,558;1,575;31,88
418,12;29595,95;31,25;222 ;34,82;1,805;1,559;32,84
420,00;28791,70;31,25;223 ;33,82;1,574;1,567;33,20
421,88;28641,17;31,25;224 ;40,72;1,566;1,735;39,62
423,75;29269,09;31,31;225 ;39,72;1,568;1,550;39,38
425,63;30118,50;31,31;226 ;38,52;1,739;1,546;40,16
427,51;29030,39;31,31;227 ;37,52;1,605;1,688;40,18
429,39;28656,22;31,31;228 ;36,02;1,516;1,568;39,51
431,26;30116,35;31,31;229 ;35,02;1,673;1,527;39,38
433,14;29335,75;31,31;230 ;33,82;1,562;1,512;40,45
435,02;28714,29;31,31;231 ;32,82;1,505;1,737;40,17
436,91;28701,38;31,31;232 ;30,72;1,422;1,439;44,27
438,79;29955,07;31,31;233 ;29,72;1,643;1,419;44,88
440,66;29469,08;31,37;234 ;28,52;1,591;1,443;45,86
442,54;28722,89;31,37;235 ;27,52;1,403;1,582;45,32
444,42;28673,43;31,37;236 ;26,02;1,393;1,430;45,00
446,30;29759,38;31,37;237 ;25,02;1,564;1,346;45,73
448,18;29598,10;31,31;238 ;23,82;1,465;1,543;45,95
450,05;28750,84;31,31;239 ;22,82;1,323;1,584;44,81
451,93;28660,53;31,31;240 ;18,71;1,180;1,091;58,99
453,81;29974,42;31,31;241 ;17,71;1,211;1,026;60,83
455,70;28740,09;31,31;242 ;16,52;1,010;1,150;60,51
457,58;28684,18;31,31;243 ;15,52;0,997;1,074;59,29
459,45;30028,18;31,31;244 ;14,02;0,935;0,803;61,65
461,33;29357,26;31,37;245 ;13,02;0,808;0,904;61,97
463,21;28688,48;31,37;246 ;11,82;0,679;0,807;60,46
465,09;28800,30;31,37;247 ;10,82;0,738;0,633;61,09
466,97;30221,72;31,37;248 ;8,71;0,568;0,569;62,59
468,84;29075,55;31,31;249 ;7,72;0,440;0,494;60,72
470,72;28634,72;31,31;250 ;6,52;0,445;0,393;60,75
472,60;29189,53;31,31;251 ;5,52;0,375;0,338;62,61
474,49;29933,56;31,31;252 ;4,02;0,238;0,275;60,98
476,36;28806,75;31,31;253 ;3,02;0,200;0,208;60,45
478,24;28580,96;31,31;254 ;1,82;0,124;0,116;62,15
480,12;29492,73;31,31;255 ;0,82;0,058;0,070;61,97
